$ANSIBLE_VAULT;1.1;AES256
62633135306463386166303965356162313331626131303063623439313466336436323862373364
6334643531373139393865353532393635393039633238630a363030386463326264373637646632
38376431643534393632316661373762666135613337633132653634323738306466613063343262
6262343230343135370a633635386665393863613937393966346536363761643461323564333131
64303739383562623166356330656632326539376431343038626464356136323437353961353436
62396237316563313232323265366134386233613739316133343931396264363339646564343938
61653366333730376133366562373931656362623637633963666333306635383831363066336162
36636266626235363438643933326436613738316134616664636136393831313536646134343536
33386535356433353337623839383336663663356364643135363238613132643761316335643635
65633837346336636431626661653934343537353534643939373165613637313439383435373965
38346137663632646661356333323332613665653135366634373839313838346134353666306630
66666436343363663239336530646133363262363862353935346238373737363436383365663232
37313563616335643035313666336161353030633461313633656534393030396534383733396135
66373664343034396263646166386437363463616331343366383666313238383034376335316436
63363434656566613930316563303863376230346334396234353132353765626664303364336335
36626663383631353762333137653433376533656136303836303764616562613064663265626138
61346233353864656632383333336364313533623939393832396262396432336433366132363739
3464333265623138376265666639336632663364336366613231
